|points|
|0|88.297|-14.671|-52.896|
|1|-19.435|19.859|33.895|
|2|-14.705|-41.072|-0.441|
|3|55.876|-66.128|-54.181|
|4|54.014|8.893|4.297|
|5|-57.281|-37.954|-1.941|
|6|-32.483|29.043|-32.595|
|7|32.168|28.105|-10.249|
|8|91.147|-47.385|-88.080|
|9|59.318|-66.349|-40.216|
|10|-17.197|5.553|30.443|
|11|-46.736|-2.793|43.946|
|12|-42.364|27.007|-10.759|
|13|-2.600|-2.533|-26.703|
|14|86.335|-64.433|-95.486|
|15|-60.928|31.072|-10.254|
|16|99.808|-33.417|-75.925|
|17|-54.968|0.429|-18.531|
|18|35.248|22.564|13.704|
|19|-8.753|30.438|-47.723|
|20|47.724|-62.304|-38.156|
|21|61.623|-66.098|-46.103|
|22|-13.400|20.933|20.584|
|23|65.773|42.834|-20.057|
|24|57.475|-3.051|-72.755|
|25|-74.236|6.416|-11.188|
|26|23.230|23.415|5.455|
|27|-15.380|6.049|62.563|
|28|-53.140|18.270|-16.887|
|29|-12.733|-37.625|12.700|
|30|78.622|28.183|-23.507|
|31|13.251|-4.165|-6.272|
|32|-65.010|-25.749|-20.049|
|33|48.657|-9.316|14.228|
|34|-8.938|14.847|-47.752|
|35|-73.385|-14.367|18.451|
|36|1.537|-34.512|-14.109|
|37|14.584|35.287|12.369|
|38|-0.432|22.062|-44.228|
|39|65.510|-41.658|-87.695|
|40|-15.831|34.898|-19.917|
|41|38.531|11.822|-17.424|
|42|-22.281|39.282|-7.643|
|43|71.988|25.503|-2.822|
|44|-17.309|10.820|-30.709|
|45|78.960|-55.689|-106.179|
|46|-28.420|-26.807|38.507|
|47|24.431|9.918|-13.427|
|48|-44.719|-35.064|29.128|
|49|71.347|-52.717|-75.388|
|50|-36.071|42.266|-3.803|
|51|76.533|-59.385|-83.297|
|52|-0.002|15.131|16.145|
|53|71.785|-18.676|-74.719|
|54|-41.380|9.587|-13.682|
|55|-52.344|-27.358|-12.463|
|56|-5.232|1.957|20.563|
|57|25.922|-15.040|7.427|
|58|-14.475|-5.304|59.218|
|59|15.218|-41.146|-24.583|
|60|3.228|33.444|5.077|
|61|-14.179|-27.999|27.044|
|62|88.513|-22.552|-81.832|
|63|75.109|-64.225|-98.663|
|64|-28.571|22.163|49.819|
|65|77.659|16.825|-14.811|
|66|-26.666|28.153|40.549|
|67|4.171|-39.506|-23.150|
|68|-51.510|36.892|-5.905|
|69|-57.386|-12.161|33.777|
|70|83.437|2.492|-82.279|
|71|-41.317|-36.728|10.998|
|72|88.194|-6.160|-79.114|
|73|100.518|-25.079|-65.963|
|74|-65.411|-7.808|-21.229|
|75|68.987|-54.331|-96.055|
|76|-16.879|-3.553|-30.608|
|77|-64.525|-23.938|25.227|
|78|-35.968|-0.998|-18.391|
|79|-10.639|-28.956|-21.436|
|80|-3.229|28.644|17.094|
|81|-44.280|43.494|-17.719|
|82|-14.079|-19.651|-24.822|
|83|-56.926|-39.448|23.524|
|84|40.339|0.387|17.784|
|85|48.385|22.909|17.839|
|86|79.136|-10.001|-55.056|
|87|-30.043|6.266|59.991|
|88|-66.114|-34.725|13.220|
|89|62.240|-13.900|-70.030|
|90|-52.086|-42.221|7.286|
|91|-2.870|-4.012|-42.965|
|92|-20.242|15.499|54.374|
|93|64.179|-37.444|-77.827|
|94|64.707|-66.398|-56.171|
|95|-50.527|-25.150|34.183|
|96|-30.683|-37.060|18.043|
|97|64.870|-61.418|-62.026|
|98|67.192|2.053|-81.276|
|99|42.826|-0.541|-5.581|
|100|-32.280|38.691|-20.838|
|101|58.762|1.065|-63.611|
|102|45.339|22.094|-18.096|
|103|100.314|-12.243|-72.003|
|104|-79.290|-11.259|5.263|
|105|-29.546|17.469|-17.946|
|106|-68.884|-3.452|25.375|
|107|-28.712|-38.018|31.937|
|108|47.582|-20.111|8.120|
|109|-13.480|-6.764|43.234|
|110|75.726|11.496|-72.157|
|111|-78.547|4.284|-0.135|
|112|12.589|27.396|-2.842|
|113|-38.575|-16.088|37.480|
|114|-1.019|-32.669|1.320|
|115|85.489|-26.743|-48.919|
|116|-70.667|22.456|-8.716|
|117|73.288|11.086|-88.558|
|118|95.625|-3.213|-62.704|
|119|58.503|15.157|-12.949|
|120|62.466|31.913|2.589|
|121|35.040|-57.884|-35.709|
|122|-68.993|-32.515|-5.433|
|123|-23.521|19.674|-40.915|
|124|-15.336|-39.661|-13.475|
|125|-61.315|4.005|27.661|
|126|40.491|-61.776|-41.804|
|127|-19.521|36.468|-43.583|
|128|-73.071|-24.615|4.496|
|129|-36.592|14.232|42.253|
|130|-15.646|-22.157|42.616|
|131|-33.571|-1.821|47.979|
|132|68.639|-0.433|-57.746|
|133|77.909|-42.356|-93.195|
|134|50.472|8.226|20.861|
|135|-77.813|-10.121|-6.170|
|136|-6.927|34.048|-33.085|
|137|87.073|6.421|-62.769|
|138|-24.864|-12.325|-24.315|
|139|97.688|-21.103|-52.763|
|140|-19.021|44.400|-30.094|
|141|-73.298|-19.262|-12.616|
|142|-23.246|-12.501|51.699|
|143|-45.609|11.555|41.678|
|144|-9.544|-11.533|27.763|
|145|82.230|-37.622|-81.241|
|146|74.757|-30.483|-70.412|
|147|36.060|-19.605|3.739|
|148|45.095|31.429|-0.611|
|149|4.809|-17.095|13.377|
|150|-2.412|6.212|-48.677|
|151|-38.716|-16.599|-15.393|
|152|61.544|20.451|11.731|
|153|-66.831|10.445|-19.201|
|154|84.681|-49.288|-99.974|
|155|63.246|66.588|-41.215|
|156|30.248|-49.119|-28.139|
|157|11.713|10.529|6.177|
|158|-53.820|6.709|34.119|
|159|78.369|7.518|-56.135|
|160|-51.611|-14.921|-15.737|
|161|26.878|1.510|4.379|
|162|14.927|-10.022|9.049|
|163|54.356|34.881|-16.822|
|164|89.459|-35.772|-61.169|
|165|8.325|9.411|-13.150|
|166|7.469|-20.383|-6.133|
|167|55.073|-63.094|-34.520|
|168|82.852|9.175|-90.374|
|169|72.156|27.678|-17.861|
|170|95.687|-42.848|-79.247|
|171|-6.691|30.984|-3.276|
|edges|
|0|53|
|0|62|
|0|72|
|0|73|
|0|86|
|0|103|
|0|115|
|0|118|
|0|139|
|0|146|
|0|159|
|0|164|
|1|10|
|1|22|
|1|52|
|1|56|
|1|64|
|1|66|
|1|80|
|1|92|
|1|129|
|2|29|
|2|36|
|2|71|
|2|96|
|2|114|
|2|124|
|3|9|
|3|20|
|3|21|
|3|94|
|3|97|
|3|126|
|4|18|
|4|33|
|4|41|
|4|43|
|4|65|
|4|84|
|4|85|
|4|99|
|4|102|
|4|119|
|4|120|
|4|134|
|4|148|
|4|152|
|4|161|
|5|32|
|5|55|
|5|71|
|5|88|
|5|90|
|5|122|
|5|128|
|6|12|
|6|28|
|6|40|
|6|44|
|6|54|
|6|78|
|6|81|
|6|100|
|6|105|
|6|123|
|6|127|
|6|136|
|6|140|
|7|18|
|7|26|
|7|37|
|7|41|
|7|47|
|7|102|
|7|112|
|7|148|
|7|163|
|8|14|
|8|16|
|8|51|
|8|62|
|8|133|
|8|145|
|8|154|
|8|170|
|9|20|
|9|21|
|9|167|
|10|22|
|10|52|
|10|56|
|10|92|
|10|109|
|10|113|
|10|129|
|10|131|
|10|144|
|11|69|
|11|87|
|11|95|
|11|113|
|11|129|
|11|131|
|11|143|
|11|158|
|12|15|
|12|28|
|12|42|
|12|50|
|12|54|
|12|68|
|12|81|
|12|100|
|12|105|
|13|31|
|13|34|
|13|38|
|13|44|
|13|76|
|13|82|
|13|91|
|13|150|
|13|165|
|13|166|
|14|45|
|14|51|
|14|63|
|14|154|
|15|28|
|15|68|
|15|81|
|15|116|
|15|153|
|16|62|
|16|73|
|16|103|
|16|145|
|16|146|
|16|164|
|16|170|
|17|25|
|17|28|
|17|54|
|17|74|
|17|78|
|17|135|
|17|151|
|17|153|
|17|160|
|18|26|
|18|37|
|18|41|
|18|84|
|18|85|
|18|99|
|18|134|
|18|148|
|18|157|
|18|161|
|19|34|
|19|38|
|19|123|
|19|127|
|19|136|
|20|21|
|20|121|
|20|126|
|20|156|
|20|167|
|21|94|
|21|97|
|21|167|
|22|42|
|22|52|
|22|56|
|22|66|
|22|80|
|22|171|
|23|30|
|23|43|
|23|120|
|23|163|
|23|169|
|24|89|
|24|98|
|24|101|
|24|132|
|25|28|
|25|74|
|25|111|
|25|116|
|25|135|
|25|153|
|26|37|
|26|41|
|26|47|
|26|52|
|26|112|
|26|148|
|26|157|
|26|161|
|27|58|
|27|87|
|27|92|
|27|109|
|27|131|
|28|54|
|28|68|
|28|81|
|28|105|
|28|116|
|28|153|
|29|61|
|29|96|
|29|107|
|29|114|
|29|149|
|30|43|
|30|65|
|30|169|
|31|47|
|31|57|
|31|99|
|31|147|
|31|149|
|31|157|
|31|161|
|31|162|
|31|165|
|31|166|
|32|55|
|32|74|
|32|122|
|32|141|
|32|160|
|33|57|
|33|84|
|33|99|
|33|108|
|33|134|
|33|147|
|34|38|
|34|44|
|34|76|
|34|91|
|34|123|
|34|150|
|35|69|
|35|77|
|35|88|
|35|104|
|35|106|
|35|128|
|36|59|
|36|67|
|36|79|
|36|114|
|36|124|
|36|166|
|37|52|
|37|60|
|37|80|
|37|112|
|37|157|
|38|44|
|38|136|
|38|150|
|38|165|
|39|49|
|39|51|
|39|53|
|39|75|
|39|93|
|39|133|
|39|145|
|40|42|
|40|44|
|40|100|
|40|105|
|40|123|
|40|136|
|40|140|
|40|165|
|40|171|
|41|47|
|41|99|
|41|102|
|41|119|
|41|148|
|42|50|
|42|100|
|42|105|
|42|140|
|42|171|
|43|65|
|43|119|
|43|120|
|43|152|
|43|163|
|43|169|
|44|76|
|44|78|
|44|91|
|44|105|
|44|123|
|44|136|
|44|150|
|44|165|
|44|171|
|45|63|
|45|75|
|45|133|
|45|154|
|46|48|
|46|61|
|46|95|
|46|96|
|46|107|
|46|109|
|46|113|
|46|130|
|46|142|
|46|144|
|47|99|
|47|112|
|47|157|
|47|161|
|47|165|
|48|71|
|48|77|
|48|83|
|48|95|
|48|96|
|48|107|
|48|113|
|49|51|
|49|75|
|49|93|
|49|97|
|49|133|
|49|145|
|49|146|
|49|164|
|49|170|
|50|68|
|50|81|
|50|100|
|51|63|
|51|75|
|51|97|
|51|133|
|51|145|
|51|154|
|51|170|
|52|56|
|52|60|
|52|80|
|52|112|
|52|157|
|52|171|
|53|62|
|53|70|
|53|72|
|53|86|
|53|89|
|53|93|
|53|98|
|53|132|
|53|133|
|53|145|
|53|146|
|54|78|
|54|105|
|54|151|
|54|160|
|55|71|
|55|122|
|55|128|
|55|141|
|55|151|
|55|160|
|56|109|
|56|144|
|56|149|
|56|157|
|56|162|
|57|84|
|57|99|
|57|108|
|57|147|
|57|149|
|57|161|
|57|162|
|57|166|
|58|87|
|58|92|
|58|109|
|58|130|
|58|131|
|58|142|
|59|67|
|59|156|
|60|80|
|60|112|
|60|157|
|60|171|
|61|96|
|61|107|
|61|113|
|61|130|
|61|144|
|61|149|
|62|72|
|62|73|
|62|103|
|62|133|
|62|145|
|62|146|
|62|164|
|62|170|
|63|75|
|63|154|
|64|66|
|64|87|
|64|92|
|64|129|
|64|143|
|65|119|
|65|169|
|66|92|
|66|129|
|67|79|
|67|124|
|68|81|
|69|77|
|69|95|
|69|106|
|69|113|
|69|125|
|69|158|
|70|72|
|70|98|
|70|110|
|70|117|
|70|118|
|70|132|
|70|137|
|70|168|
|71|77|
|71|83|
|71|88|
|71|90|
|71|95|
|71|96|
|71|113|
|71|151|
|72|86|
|72|98|
|72|103|
|72|110|
|72|118|
|72|132|
|72|137|
|72|168|
|73|103|
|73|139|
|73|146|
|73|164|
|74|135|
|74|141|
|74|153|
|74|160|
|75|133|
|75|154|
|76|78|
|76|82|
|76|91|
|76|105|
|76|123|
|76|138|
|76|150|
|77|83|
|77|88|
|77|95|
|77|106|
|77|128|
|78|105|
|78|123|
|78|138|
|78|151|
|78|160|
|79|82|
|79|114|
|79|124|
|79|138|
|79|151|
|79|166|
|80|171|
|81|100|
|82|91|
|82|114|
|82|124|
|82|138|
|82|151|
|82|166|
|83|88|
|83|90|
|83|95|
|84|99|
|84|134|
|84|147|
|84|161|
|84|162|
|85|120|
|85|134|
|85|148|
|85|152|
|86|89|
|86|115|
|86|118|
|86|132|
|86|137|
|86|146|
|86|159|
|87|92|
|87|129|
|87|131|
|87|142|
|87|143|
|88|90|
|88|122|
|88|128|
|89|93|
|89|98|
|89|101|
|89|132|
|89|146|
|91|150|
|92|109|
|92|129|
|92|131|
|93|145|
|93|146|
|94|97|
|95|113|
|96|107|
|96|113|
|98|101|
|98|110|
|98|117|
|98|132|
|98|168|
|99|108|
|99|119|
|99|147|
|99|161|
|100|105|
|100|140|
|101|110|
|101|132|
|101|159|
|102|119|
|102|148|
|102|163|
|103|118|
|103|139|
|104|106|
|104|111|
|104|128|
|104|135|
|104|141|
|105|123|
|106|111|
|106|125|
|107|130|
|108|147|
|109|113|
|109|130|
|109|131|
|109|142|
|109|144|
|110|117|
|110|132|
|110|137|
|110|159|
|110|168|
|111|116|
|111|125|
|111|135|
|112|157|
|112|165|
|112|171|
|113|129|
|113|130|
|113|131|
|113|142|
|113|143|
|113|144|
|113|158|
|114|124|
|114|149|
|114|166|
|115|139|
|115|146|
|115|164|
|116|153|
|117|168|
|118|137|
|118|139|
|118|159|
|119|120|
|119|148|
|119|152|
|119|163|
|119|169|
|120|148|
|120|152|
|120|163|
|120|169|
|121|126|
|121|156|
|122|128|
|122|141|
|123|127|
|123|136|
|124|138|
|124|151|
|125|158|
|127|136|
|127|140|
|128|135|
|128|141|
|128|160|
|129|131|
|129|143|
|129|158|
|130|142|
|130|144|
|131|142|
|131|143|
|132|137|
|132|159|
|133|145|
|133|154|
|134|152|
|135|141|
|135|160|
|136|140|
|136|165|
|136|171|
|137|159|
|138|151|
|139|164|
|141|160|
|143|158|
|144|149|
|145|146|
|145|164|
|145|170|
|146|164|
|147|161|
|147|166|
|148|152|
|148|163|
|149|162|
|149|166|
|151|160|
|157|161|
|157|162|
|157|165|
|157|171|
|161|162|
|162|166|
|163|169|
|164|170|
|165|171|
